82.85  114.28  0.15  100  111.402  1.23  42.86
87.14  85.71  0.15  100  111.452  0.98  -14.28
91.42  85.71  0.15  100  111.502  1.14  14.29
97.14  114.28  0.15  100  111.552  1.21  14.29
102.85  114.28  0.15  100  111.602  1.05  -14.28
107.14  85.71  0.15  100  111.652  0.98  -14.28
111.42  85.71  0.15  100  111.702  1.14  14.29
117.14  114.28  0.15  100  111.752  1.21  14.29
121.42  85.71  0.15  100  111.802  1.05  -14.28
127.14  114.28  0.15  100  111.852  1.21  14.29
132.85  114.28  0.15  100  111.902  1.05  -14.28
137.14  85.71  0.15  100  111.952  0.98  -14.28
141.42  85.71  0.15  100  112.002  1.14  14.29
147.14  114.28  0.15  100  112.052  1.21  14.29
151.42  85.71  0.15  100  112.102  1.05  -14.28
157.14  114.28  0.15  -100  112.152  1.21  14.29
158.56  28.57  0.15  -100  112.202  -0.58  -214.28
155.71  -57.14  0.15  -100  112.252  -0.94  -128.57
152.85  -57.14  0.15  -100  112.302  -0.87  -42.86
149.99  -57.14  0.15  -100  112.352  -1.08  -42.86
144.28  -114.28  0.15  -100  112.402  -1.3  -42.86
138.56  -114.28  0.15  -100  112.452  -1.04  14.28
134.28  -85.71  0.15  -100  112.502  -0.97  14.28
129.99  -85.71  0.15  -100  112.552  -1.13  -14.29
125.71  -85.71  0.15  -100  112.602  -1.2  -14.29
119.99  -114.28  0.15  -100  112.652  -1.28  -14.29
114.28  -114.28  0.15  -100  112.702  -1.11  14.28
109.99  -85.71  0.15  -100  112.752  -1.04  14.28
105.71  -85.71  0.15  -100  112.802  -1.2  -14.29
100  -114.28  0.15  -100  112.852  -1.28  -14.29
94.28  -114.28  0.15  -100  112.902  -1.11  14.28
90  -85.71  0.15  -100  112.952  -1.04  14.28
85.71  -85.71  0.15  -100  113.002  -1.2  -14.29
80  -114.28  0.15  -100  113.052  -1.28  -14.29
74.28  -114.28  0.15  -100  113.102  -1.11  14.28
70  -85.71  0.15  100  113.152  -1.04  14.28
68.57  -28.57  0.15  100  113.202  0.42  185.71
70  28.57  0.15  100  113.252  0.87  128.57
72.85  57.14  0.15  100  113.302  1.04  71.43
78.57  114.28  0.15  100  113.352  1.16  42.86
82.85  85.71  0.15  100  113.402  0.91  -14.28
87.14  85.71  0.15  100  113.452  1.07  14.29
91.42  85.71  0.15  100  113.502  1.14  14.29
97.14  114.28  0.15  100  113.552  1.21  14.29
101.42  85.71  0.15  100  113.602  1.05  -14.28
107.14  114.28  0.15  100  113.652  1.21  14.29
112.85  114.28  0.15  100  113.702  1.05  -14.28
117.14  85.71  0.15  100  113.752  0.98  -14.28
121.42  85.71  0.15  100  113.802  1.14  14.29
127.14  114.28  0.15  100  113.852  1.21  14.29
131.42  85.71  0.15  100  113.902  1.05  -14.28
137.14  114.28  0.15  100  113.952  1.21  14.29
142.85  114.28  0.15  100  114.002  1.05  -14.28
147.14  85.71  0.15  100  114.052  0.98  -14.28
151.42  85.71  0.15  100  114.102  1.14  14.29
155.71  85.71  0.15  -100  114.152  1.21  14.29
158.56  57.14  0.15  -100  114.202  -0.35  -185.71
157.14  -28.57  0.15  -100  114.252  -1.03  -157.14
152.85  -85.71  0.15  -100  114.302  -1.11  -71.43
148.56  -85.71  0.15  -100  114.352  -0.99  -14.29
144.28  -85.71  0.15  -100  114.402  -1.06  -14.29
138.56  -114.28  0.15  -100  114.452  -1.13  -14.29
134.28  -85.71  0.15  -100  114.502  -0.97  14.28
129.99  -85.71  0.15  -100  114.552  -1.13  -14.29
125.71  -85.71  0.15  -100  114.602  -1.2  -14.29
119.99  -114.28  0.15  -100  114.652  -1.28  -14.29
114.28  -114.28  0.15  -100  114.702  -1.11  14.28
109.99  -85.71  0.15  -100  114.752  -1.04  14.28
104.28  -114.28  0.15  -100  114.802  -1.2  -14.29
100  -85.71  0.15  -100  114.852  -1.04  14.28
95.71  -85.71  0.15  -100  114.902  -1.2  -14.29
90  -114.28  0.15  -100  114.952  -1.28  -14.29
85.71  -85.71  0.15  -100  115.002  -1.11  14.28
80  -114.28  0.15  -100  115.052  -1.28  -14.29
74.28  -114.28  0.15  -100  115.102  -1.11  14.28
70  -85.71  0.15  100  115.152  -1.04  14.28
68.57  -28.57  0.15  100  115.202  0.42  185.71
70  28.57  0.15  100  115.252  0.87  128.57
74.28  85.71  0.15  100  115.302  1.04  71.43
77.14  57.14  0.15  100  115.352  0.93  14.29
82.85  114.28  0.15  100  115.402  1.23  42.86
87.14  85.71  0.15  100  115.452  0.98  -14.28
91.42  85.71  0.15  100  115.502  1.14  14.29
97.14  114.28  0.15  100  115.552  1.21  14.29
102.85  114.28  0.15  100  115.602  1.05  -14.28
107.14  85.71  0.15  100  115.652  0.98  -14.28
111.42  85.71  0.15  100  115.702  1.14  14.29
117.14  114.28  0.15  100  115.752  1.21  14.29
121.42  85.71  0.15  100  115.802  1.05  -14.28
127.14  114.28  0.15  100  115.852  1.21  14.29
132.85  114.28  0.15  100  115.902  1.05  -14.28
137.14  85.71  0.15  100  115.952  0.98  -14.28
141.42  85.71  0.15  100  116.002  1.14  14.29
147.14  114.28  0.15  100  116.052  1.21  14.29
151.42  85.71  0.15  100  116.102  1.05  -14.28
157.14  114.28  0.15  -100  116.152  1.21  14.29
158.56  28.57  0.15  -100  116.202  -0.58  -214.28
155.71  -57.14  0.15  -100  116.252  -0.94  -128.57
152.85  -57.14  0.15  -100  116.302  -0.87  -42.86
148.56  -85.71  0.15  -100  116.352  -1.08  -42.86
144.28  -85.71  0.15  -100  116.402  -1.06  -14.29
139.99  -85.71  0.15  -100  116.452  -1.13  -14.29
134.28  -114.28  0.15  -100  116.502  -1.2  -14.29
129.99  -85.71  0.15  -100  116.552  -1.04  14.28
125.71  -85.71  0.15  -100  116.602  -1.2  -14.29
119.99  -114.28  0.15  -100  116.652  -1.28  -14.29
114.28  -114.28  0.15  -100  116.702  -1.11  14.28
109.99  -85.71  0.15  -100  116.752  -1.04  14.28
104.28  -114.28  0.15  -100  116.802  -1.2  -14.29
100  -85.71  0.15  -100  116.852  -1.04  14.28
95.71  -85.71  0.15  -100  116.902  -1.2  -14.29
90  -114.28  0.15  -100  116.952  -1.28  -14.29
85.71  -85.71  0.15  -100  117.002  -1.11  14.28
80  -114.28  0.15  -100  117.052  -1.28  -14.29
74.28  -114.28  0.15  -100  117.102  -1.11  14.28
70  -85.71  0.15  100  117.152  -1.04  14.28
68.57  -28.57  0.15  100  117.202  0.42  185.71
70  28.57  0.15  100  117.252  0.87  128.57
74.28  85.71  0.15  100  117.302  1.04  71.43
77.14  57.14  0.15  100  117.352  0.93  14.29
82.85  114.28  0.15  100  117.402  1.23  42.86
87.14  85.71  0.15  100  117.452  0.98  -14.28
91.42  85.71  0.15  100  117.502  1.14  14.29
97.14  114.28  0.15  100  117.552  1.21  14.29
102.85  114.28  0.15  100  117.602  1.05  -14.28
107.14  85.71  0.15  100  117.652  0.98  -14.28
111.42  85.71  0.15  100  117.702  1.14  14.29
117.14  114.28  0.15  100  117.752  1.21  14.29
121.42  85.71  0.15  100  117.802  1.05  -14.28
127.14  114.28  0.15  100  117.852  1.21  14.29
132.85  114.28  0.15  100  117.902  1.05  -14.28
137.14  85.71  0.15  100  117.952  0.98  -14.28
141.42  85.71  0.15  100  118.002  1.14  14.29
147.14  114.28  0.15  100  118.052  1.21  14.29
151.42  85.71  0.15  100  118.102  1.05  -14.28
157.14  114.28  0.15  -100  118.152  1.21  14.29
158.56  28.57  0.15  -100  118.202  -0.58  -214.28
155.71  -57.14  0.15  -100  118.252  -0.94  -128.57
152.85  -57.14  0.15  -100  118.302  -0.87  -42.86
148.56  -85.71  0.15  -100  118.352  -1.08  -42.86
144.28  -85.71  0.15  -100  118.402  -1.06  -14.29
139.99  -85.71  0.15  -100  118.452  -1.13  -14.29
134.28  -114.28  0.15  -100  118.502  -1.2  -14.29
129.99  -85.71  0.15  -100  118.552  -1.04  14.28
125.71  -85.71  0.15  -100  118.602  -1.2  -14.29
119.99  -114.28  0.15  -100  118.652  -1.28  -14.29
